635 317
150 69
326 425
247 302
567 186
259 53
461 48
619 31
221 82
502 406
119 487
397 352
545 387
537 303
487 105
524 43
444 120
404 397
345 367
498 128
243 476
593 397
126 146
386 478
96 499
628 102
86 424
41 451
322 380
302 270
230 573
497 434
139 487
277 131
92 150
150 460
494 562
485 53
91 407
32 208
171 538
334 468
614 406
459 186
82 397
395 339
430 128
565 257
560 568
423 515
372 118
605 441
494 440
269 417
583 116
510 497
558 547
378 114
294 211
120 226
144 254
360 599
186 113
387 88
560 19
566 198
265 82
87 434
272 533
571 368
563 463
501 402
515 219
411 321
303 151
490 139
63 608
365 527
234 4
532 615
317 275
551 306
360 582
366 180
271 77
517 148
498 589
34 550
192 152
354 5
7 363
352 23
174 371
337 91
592 17
53 179
280 259
583 417
165 506
204 90
412 354
506 364
102 523
293 62
598 494
320 66
332 73
162 44
523 494
305 50
460 572
546 410
56 420
317 572
525 603
480 178
43 314
606 11
99 474
144 320
19 305
218 374
447 268
475 211
287 633
493 487
325 101
496 241
59 48
265 181
242 57
189 374
352 246
3 514
3 297
450 574
220 480
524 590
261 606
175 356
625 586
345 106
560 526
544 347
633 594
501 372
472 196
392 383
186 431
461 450
285 379
218 217
188 378
173 140
308 441
92 359
431 469
167 505
467 626
590 123
184 504
449 121
338 99
369 84
278 267
458 554
396 28
61 441
53 458
442 538
526 293
421 603
564 556
629 596
51 428
127 212
478 102
452 300
21 549
519 275
18 441
310 433
313 517
564 282
88 195
36 480
230 80
197 216
430 113
465 108
128 63
221 476
374 600
74 264
25 295
293 389
122 348
547 189
356 587
415 368
282 372
223 611
154 111
356 134
314 170
103 142
630 346
273 252
284 547
422 427
225 543
176 10
22 411
30 94
266 65
612 516
89 256
603 623
169 543
32 12
628 469
337 107
158 365
378 441
432 589
14 22
609 491
6 591
425 132
437 634
448 318
478 328
631 193
346 494
100 72
281 149
624 535
419 288
342 328
288 408
554 599
528 506
255 333
146 512
392 74
553 619
318 268
276 555
507 17
612 425
548 152
580 411
589 513
448 517
567 487
196 451
317 432
631 196
419 617
474 49
370 271
86 622
418 39
586 341
461 511
558 560
511 603
442 457
623 151
209 385
332 352
362 367
59 86
499 250
223 622
624 58
563 397
537 532
321 364
16 605
2 115
146 397
624 165
489 259
404 1
114 555
571 548
262 539
63 482
169 341
295 546
292 64
328 12
239 581
24 285
434 73
121 2
118 344
31 526
464 242
91 263
465 459
474 632
65 68
8 620
9 444
309 528
566 595
28 621
171 273
355 499
312 267
470 30
196 19
86 282
384 216
561 460
291 244
